    //  Major 1
    576 578 577 579 584 581 582 580 624
    586 592 589 590 594 593 595 591 634
    633 629 632 588 625 626 583 587 585
    627 630 628 672 635 631 674 673 675
    //  Major 2
    695  -1 694 693  -1  -1  -1 690 647
    -1  -1  -1  -1 676 678 677 680 636
    638 643 639  -1 646 644  -1  -1  -1
    645 641 642 599 637 640 596 598 597
    //  Major 3
    24  -1  25  27  -1  -1  -1  28  72
    -1  -1  -1  -1  42  41  43  39  82
    81  77  80  -1  73  74  -1  -1  -1
    75  78  76 120  83  79 122 121 123
    //  Major 4
    143 140 142 141 135 139 137 138  95
    132 127 131 129 124 126 125 128  84
    86  91  87 130  94  92 136 133 134
    93  89  90  47  85  88  44  46  45
    //  Major 5
    0   2   1   3   8   5   6   4  48
    10  16  13  14  18  17  19  15  58
    57  53  56  12  49  50   7  11   9
    51  54  52  96  59  55  98  97  99
    //  Major 6
    119 116 118 117 111 115 113 114  71
    108 103 107 105 100 102 101 104  60
    62  67  63 106  70  68 112 109 110
    69  65  66  23  61  64  20  22  21
    //  Major 7
    168 170 169 171 176 173 174 172 216
    178 184 181 182 186 185 187 183 226
    225 221 224 180 217 218 175 179 177
    219 222 220 264 227 223 266 265 267
    //  Major 8
    287 284 286 285 279 283 281 282 239
    276 271 275 273 268 270 269 272 228
    230 235 231 274 238 236 280 277 278
    237 233 234 191 229 232 188 190 189
    //  Major 9
    144 146 145 147 152 149 150 148 192
    154 160 157 158 162 161 163 159 202
    201 197 200 156 193 194 151 155 153
    195 198 196 240 203 199 242 241 243
    //  Major 10
    263 260 262 261 255 259 257 258 215
    252 247 251 249 244 246 245 248 204
    206 211 207 250 214 212 256 253 254
    213 209 210 167 205 208 164 166 165
    //  Major 11
    312 314 313  -1 320 317  -1  -1  -1
    322 328 325 326 330 329 331 327 370
    369  -1 368 324  -1  -1  -1 323 321
    -1  -1  -1  -1 371 367 410 409 411
    //  Major 12
    431 428 430 429 423 427 425 426 383
    420 415 419 417 412 414 413 416 372
    374 379 375 418 382 380 424 421 422
    381 377 378 335 373 376 332 334 333
    //  Major 13
    288 290 289 291 296 293 294 292 336
    298 304 301 302 306 305 307 303 346
    345 341 344 300 337 338 295 299 297
    339 342 340 384 347 343 386 385 387
    //  Major 14
    407 404 406  -1 399 403  -1  -1  -1
    396 391 395 393 388 390 389 392 348
    350  -1 351 394  -1  -1  -1 397 398
    -1  -1  -1  -1 349 352 308 310 309
    //  Major 15
    456 458 457 459 464 461 462 460 504
    466 472 469 470 474 473 475 471 514
    513 509 512 468 505 506 463 467 465
    507 510 508 552 515 511 554 553 555
    //  Major 16
    575 572 574 573 567 571 569 570 527
    564 559 563 561 556 558 557 560 516
    518 523 519 562 526 524 568 565 566
    525 521 522 479 517 520 476 478 477
    //  Major 17
    432 434 433 435 440 437 438 436 480
    442 448 445 446 450 449 451 447 490
    489 485 488 444 481 482 439 443 441
    483 486 484 528 491 487 530 529 531
    //  Major 18
    551 548 550 549 543 547 545 546 503
    540 535 539 537 532 534 533 536 492
    494 499 495 538 502 500 544 541 542
    501 497 498 455 493 496 452 454 453
    //  Major 19
    600 602 601 603 608 605 606 604 648
    610 616 613 614 618 617 619 615 658
    657 653 656 612 649 650 607 611 609
    651 654 652 696 659 655 698 697 699
    //  Major 20
    719 716 718 717 711 715 713 714 671
    708 703 707 705 700 702 701 704 660
    662 667 663 706 670 668 712 709 710
    669 665 666 623 661 664 620 622 621
