       0     1    -1
       1     2    -2
       2     2     0
       3     3    -3
       4     3    -1
       5     4    -6
       6     4    -4
       7     4    -2
       8     4     0
       9     5    -7
      10     5    -5
      11     5    -3
      12     5    -1
      13     6    -8
      14     6    -6
      15     6    -4
      16     6    -2
      17     6     0
      18     7    -9
      19     7    -7
      20     7    -5
      21     7    -3
      22     7    -1
      23     8   -12
      24     8   -10
      25     8    -8
      26     8    -6
      27     8    -4
      28     8    -2
      29     8     0
      30     9   -13
      31     9   -11
      32     9    -9
      33     9    -7
      34     9    -5
      35     9    -3
      36     9    -1
      37    10   -14
      38    10   -12
      39    10   -10
      40    10    -8
      41    10    -6
      42    10    -4
      43    10    -2
      44    10     0
      45    11   -13
      46    11   -11
      47    11    -9
      48    11    -7
      49    11    -5
      50    11    -3
      51    11    -1
      52    11     1
      53    12   -10
      54    12    -8
      55    12    -6
      56    12    -4
      57    12    -2
      58    12     0
      59    13    -7
      60    13    -5
      61    13    -3
      62    13    -1
      63    13     1
      64     1    -3
      65     1    -5
      66     2    -4
      67     1    -7
      68     2    -6
      69     3    -5
      70     1    -9
      71     2    -8
      72     3    -7
      73     1   -11
      74     2   -10
      75     3    -9
      76     4    -8
      77     1   -13
      78     2   -12
      79     3   -11
      80     4   -10
      81     5    -9
      82     1   -15
      83     2   -14
      84     3   -13
      85     4   -12
      86     5   -11
      87     6   -10
      88     1   -17
      89     2   -16
      90     3   -15
      91     4   -14
      92     5   -13
      93     6   -12
      94     7   -11
      95     1   -19
      96     2   -18
      97     3   -17
      98     4   -16
      99     5   -15
     100     6   -14
     101     7   -13
     102     1   -21
     103     2   -20
     104     3   -19
     105     4   -18
     106     5   -17
     107     6   -16
     108     7   -15
     109     8   -14
     110     1   -23
     111     2   -22
     112     3   -21
     113     4   -20
     114     5   -19
     115     6   -18
     116     7   -17
     117     8   -16
     118     9   -15
     119     3   -23
     120     4   -22
     121     5   -21
     122     6   -20
     123     7   -19
     124     8   -18
     125     9   -17
     126    10   -16
     127     0    -2
     128     0    -4
     129    -1    -5
     130     0    -6
     131    -2    -6
     132    -1    -7
     133     0    -8
     134    -3    -7
     135    -2    -8
     136    -1    -9
     137     0   -10
     138    -3    -9
     139    -2   -10
     140    -1   -11
     141     0   -12
     142    -4   -10
     143    -3   -11
     144    -2   -12
     145    -1   -13
     146     0   -14
     147    -5   -11
     148    -4   -12
     149    -3   -13
     150    -2   -14
     151    -1   -15
     152     0   -16
     153    -6   -12
     154    -5   -13
     155    -4   -14
     156    -3   -15
     157    -2   -16
     158    -1   -17
     159     0   -18
     160    -7   -13
     161    -6   -14
     162    -5   -15
     163    -4   -16
     164    -3   -17
     165    -2   -18
     166    -1   -19
     167     0   -20
     168    -7   -15
     169    -6   -16
     170    -5   -17
     171    -4   -18
     172    -3   -19
     173    -2   -20
     174    -1   -21
     175     0   -22
     176    -8   -16
     177    -7   -17
     178    -6   -18
     179    -5   -19
     180    -4   -20
     181    -3   -21
     182    -2   -22
     183    -1   -23
     184    -9   -17
     185    -8   -18
     186    -7   -19
     187    -6   -20
     188    -5   -21
     189    -4   -22
     190    -3   -23
     191    -1    -1
     192    -1    -3
     193    -2    -2
     194    -2    -4
     195    -3    -1
     196    -3    -3
     197    -3    -5
     198    -4    -2
     199    -4    -4
     200    -4    -6
     201    -4    -8
     202    -5    -1
     203    -5    -3
     204    -5    -5
     205    -5    -7
     206    -5    -9
     207    -6    -2
     208    -6    -4
     209    -6    -6
     210    -6    -8
     211    -6   -10
     212    -7    -1
     213    -7    -3
     214    -7    -5
     215    -7    -7
     216    -7    -9
     217    -7   -11
     218    -8    -2
     219    -8    -4
     220    -8    -6
     221    -8    -8
     222    -8   -10
     223    -8   -12
     224    -8   -14
     225    -9    -1
     226    -9    -3
     227    -9    -5
     228    -9    -7
     229    -9    -9
     230    -9   -11
     231    -9   -13
     232    -9   -15
     233   -10    -2
     234   -10    -4
     235   -10    -6
     236   -10    -8
     237   -10   -10
     238   -10   -12
     239   -10   -14
     240   -10   -16
     241   -11    -3
     242   -11    -5
     243   -11    -7
     244   -11    -9
     245   -11   -11
     246   -11   -13
     247   -12    -2
     248   -12    -4
     249   -12    -6
     250   -12    -8
     251   -12   -10
     252   -13    -3
     253   -13    -5
     254   -13    -7
     255    -1     1
     256    -2     2
     257    -2     0
     258    -3     3
     259    -3     1
     260    -4     6
     261    -4     4
     262    -4     2
     263    -4     0
     264    -5     7
     265    -5     5
     266    -5     3
     267    -5     1
     268    -6     8
     269    -6     6
     270    -6     4
     271    -6     2
     272    -6     0
     273    -7     9
     274    -7     7
     275    -7     5
     276    -7     3
     277    -7     1
     278    -8    12
     279    -8    10
     280    -8     8
     281    -8     6
     282    -8     4
     283    -8     2
     284    -8     0
     285    -9    13
     286    -9    11
     287    -9     9
     288    -9     7
     289    -9     5
     290    -9     3
     291    -9     1
     292   -10    14
     293   -10    12
     294   -10    10
     295   -10     8
     296   -10     6
     297   -10     4
     298   -10     2
     299   -10     0
     300   -11    13
     301   -11    11
     302   -11     9
     303   -11     7
     304   -11     5
     305   -11     3
     306   -11     1
     307   -11    -1
     308   -12    10
     309   -12     8
     310   -12     6
     311   -12     4
     312   -12     2
     313   -12     0
     314   -13     7
     315   -13     5
     316   -13     3
     317   -13     1
     318   -13    -1
     319    -1     3
     320    -1     5
     321    -2     4
     322    -1     7
     323    -2     6
     324    -3     5
     325    -1     9
     326    -2     8
     327    -3     7
     328    -1    11
     329    -2    10
     330    -3     9
     331    -4     8
     332    -1    13
     333    -2    12
     334    -3    11
     335    -4    10
     336    -5     9
     337    -1    15
     338    -2    14
     339    -3    13
     340    -4    12
     341    -5    11
     342    -6    10
     343    -1    17
     344    -2    16
     345    -3    15
     346    -4    14
     347    -5    13
     348    -6    12
     349    -7    11
     350    -1    19
     351    -2    18
     352    -3    17
     353    -4    16
     354    -5    15
     355    -6    14
     356    -7    13
     357    -1    21
     358    -2    20
     359    -3    19
     360    -4    18
     361    -5    17
     362    -6    16
     363    -7    15
     364    -8    14
     365    -1    23
     366    -2    22
     367    -3    21
     368    -4    20
     369    -5    19
     370    -6    18
     371    -7    17
     372    -8    16
     373    -9    15
     374    -3    23
     375    -4    22
     376    -5    21
     377    -6    20
     378    -7    19
     379    -8    18
     380    -9    17
     381   -10    16
     382     0     2
     383     0     4
     384     1     5
     385     0     6
     386     2     6
     387     1     7
     388     0     8
     389     3     7
     390     2     8
     391     1     9
     392     0    10
     393     3     9
     394     2    10
     395     1    11
     396     0    12
     397     4    10
     398     3    11
     399     2    12
     400     1    13
     401     0    14
     402     5    11
     403     4    12
     404     3    13
     405     2    14
     406     1    15
     407     0    16
     408     6    12
     409     5    13
     410     4    14
     411     3    15
     412     2    16
     413     1    17
     414     0    18
     415     7    13
     416     6    14
     417     5    15
     418     4    16
     419     3    17
     420     2    18
     421     1    19
     422     0    20
     423     7    15
     424     6    16
     425     5    17
     426     4    18
     427     3    19
     428     2    20
     429     1    21
     430     0    22
     431     8    16
     432     7    17
     433     6    18
     434     5    19
     435     4    20
     436     3    21
     437     2    22
     438     1    23
     439     9    17
     440     8    18
     441     7    19
     442     6    20
     443     5    21
     444     4    22
     445     3    23
     446     1     1
     447     1     3
     448     2     2
     449     2     4
     450     3     1
     451     3     3
     452     3     5
     453     4     2
     454     4     4
     455     4     6
     456     4     8
     457     5     1
     458     5     3
     459     5     5
     460     5     7
     461     5     9
     462     6     2
     463     6     4
     464     6     6
     465     6     8
     466     6    10
     467     7     1
     468     7     3
     469     7     5
     470     7     7
     471     7     9
     472     7    11
     473     8     2
     474     8     4
     475     8     6
     476     8     8
     477     8    10
     478     8    12
     479     8    14
     480     9     1
     481     9     3
     482     9     5
     483     9     7
     484     9     9
     485     9    11
     486     9    13
     487     9    15
     488    10     2
     489    10     4
     490    10     6
     491    10     8
     492    10    10
     493    10    12
     494    10    14
     495    10    16
     496    11     3
     497    11     5
     498    11     7
     499    11     9
     500    11    11
     501    11    13
     502    12     2
     503    12     4
     504    12     6
     505    12     8
     506    12    10
     507    13     3
     508    13     5
     509    13     7
     510    14    -4
     511    14    -2
     512    14     0
     513    14     2
     514    14     4
     515    15    -1
     516    15     1
     517   -14    -4
     518   -14    -2
     519   -14     0
     520   -14     2
     521   -14     4
     522   -15    -1
     523   -15     1
     524     5    23
     525     6    22
     526     7    21
     527     7    23
     528     8    20
     529     8    22
     530     9    19
     531    -5    23
     532    -6    22
     533    -7    21
     534    -7    23
     535    -8    20
     536    -8    22
     537    -9    19
     538     5   -23
     539     6   -22
     540     7   -21
     541     7   -23
     542     8   -20
     543     8   -22
     544     9   -19
     545    -5   -23
     546    -6   -22
     547    -7   -21
     548    -7   -23
     549    -8   -20
     550    -8   -22
     551    -9   -19
     